{
  "accessors": [
    {
      "bufferView": 2,
      "componentType": 5126,
      "count": 3191,
      "max": [
        96.396530151367188,
        38.840843200683594,
        142.9808349609375
      ],
      "min": [
        -96.396530151367188,
        -0.14074629545211792,
        -142.9808349609375
      ],
      "type": "VEC3"
    },
    {
      "bufferView": 2,
      "byteOffset": 38292,
      "componentType": 5126,
      "count": 3191,
      "max": [
        1,
        1,
        1
      ],
      "min": [
        -1,
        -1,
        -1
      ],
      "type": "VEC3"
    },
    {
      "bufferView": 1,
      "componentType": 5126,
      "count": 3191,
      "max": [
        3.9512195587158203,
        1.0000119209289551
      ],
      "min": [
        0,
        0
      ],
      "type": "VEC2"
    },
    {
      "bufferView": 0,
      "componentType": 5125,
      "count": 9123,
      "max": [
        3190
      ],
      "min": [
        0
      ],
      "type": "SCALAR"
    },
    {
      "bufferView": 2,
      "byteOffset": 76584,
      "componentType": 5126,
      "count": 5805,
      "max": [
        96.396530151367188,
        38.840843200683594,
        142.9808349609375
      ],
      "min": [
        -96.396530151367188,
        2.2204460492503131e-14,
        -142.9808349609375
      ],
      "type": "VEC3"
    },
    {
      "bufferView": 2,
      "byteOffset": 146244,
      "componentType": 5126,
      "count": 5805,
      "max": [
        1,
        1,
        1
      ],
      "min": [
        -1,
        -1,
        -1
      ],
      "type": "VEC3"
    },
    {
      "bufferView": 1,
      "byteOffset": 25528,
      "componentType": 5126,
      "count": 5805,
      "max": [
        3.9512195587158203,
        0.58384197950363159
      ],
      "min": [
        0,
        0
      ],
      "type": "VEC2"
    },
    {
      "bufferView": 0,
      "byteOffset": 36492,
      "componentType": 5125,
      "count": 17151,
      "max": [
        5804
      ],
      "min": [
        0
      ],
      "type": "SCALAR"
    },
    {
      "bufferView": 2,
      "byteOffset": 215904,
      "componentType": 5126,
      "count": 4,
      "max": [
        96.36126708984375,
        0.10001659393310547,
        142.9808349609375
      ],
      "min": [
        -96.396530151367188,
        0.10001659393310547,
        -142.9808349609375
      ],
      "type": "VEC3"
    },
    {
      "bufferView": 2,
      "byteOffset": 215952,
      "componentType": 5126,
      "count": 4,
      "max": [
        0,
        1,
        0
      ],
      "min": [
        0,
        1,
        0
      ],
      "type": "VEC3"
    },
    {
      "bufferView": 1,
      "byteOffset": 71968,
      "componentType": 5126,
      "count": 4,
      "max": [
        1.1062248945236206,
        1.0466190576553345
      ],
      "min": [
        -0.10622503608465195,
        -0.046619080007076263
      ],
      "type": "VEC2"
    },
    {
      "bufferView": 0,
      "byteOffset": 105096,
      "componentType": 5125,
      "count": 6,
      "max": [
        3
      ],
      "min": [
        0
      ],
      "type": "SCALAR"
    }
  ],
  "asset": {
    "extras": {
      "author": "ART_NOVA (https://sketchfab.com/ART_NOVA)",
      "license": "CC-BY-4.0 (http://creativecommons.org/licenses/by/4.0/)",
      "source": "https://sketchfab.com/3d-models/pudelko2-dark-f7abf1a187204edd951e5a1d3b712692",
      "title": "Pudelko2 dark"
    },
    "generator": "Sketchfab-8.62.0",
    "version": "2.0"
  },
  "bufferViews": [
    {
      "buffer": 0,
      "byteLength": 105120,
      "byteOffset": 0,
      "name": "floatBufferViews",
      "target": 34963
    },
    {
      "buffer": 0,
      "byteLength": 72000,
      "byteOffset": 105120,
      "byteStride": 8,
      "name": "floatBufferViews",
      "target": 34962
    },
    {
      "buffer": 0,
      "byteLength": 216000,
      "byteOffset": 177120,
      "byteStride": 12,
      "name": "floatBufferViews",
      "target": 34962
    }
  ],
  "buffers": [
    {
      "byteLength": 393120,
      "uri": "scene.bin"
    }
  ],
  "images": [
    {
      "uri": "textures/OPAKOWANIE_baseColor.jpeg"
    }
  ],
  "materials": [
    {
      "doubleSided": true,
      "emissiveFactor": [
        0,
        0,
        0
      ],
      "name": "OPAKOWANIE",
      "pbrMetallicRoughness": {
        "baseColorFactor": [
          0.75565152099999999,
          0.75565152099999999,
          0.75565152099999999,
          1
        ],
        "baseColorTexture": {
          "index": 0,
          "texCoord": 0
        },
        "metallicFactor": 0,
        "roughnessFactor": 0.2139476132
      }
    },
    {
      "doubleSided": true,
      "emissiveFactor": [
        0,
        0,
        0
      ],
      "name": "druk",
      "pbrMetallicRoughness": {
        "baseColorFactor": [
          0.93879500000000005,
          0.88633300000000004,
          0.94999999999999996,
          1
        ],
        "metallicFactor": 0,
        "roughnessFactor": 0.59999999999999998
      }
    },
    {
      "doubleSided": true,
      "emissiveFactor": [
        0,
        0,
        0
      ],
      "name": "srodek",
      "pbrMetallicRoughness": {
        "baseColorFactor": [
          0.94215854536842991,
          0.90332910531933752,
          0.95040749165796068,
          1
        ],
        "metallicFactor": 0,
        "roughnessFactor": 0.59999999999999998
      }
    }
  ],
  "meshes": [
    {
      "name": "Curves (3)_OPAKOWANIE_0",
      "primitives": [
        {
          "attributes": {
            "NORMAL": 1,
            "POSITION": 0,
            "TEXCOORD_0": 2
          },
          "indices": 3,
          "material": 0,
          "mode": 4
        }
      ]
    },
    {
      "name": "Curves (3)_druk_0",
      "primitives": [
        {
          "attributes": {
            "NORMAL": 5,
            "POSITION": 4,
            "TEXCOORD_0": 6
          },
          "indices": 7,
          "material": 1,
          "mode": 4
        }
      ]
    },
    {
      "name": "Curves (3)_srodek_0",
      "primitives": [
        {
          "attributes": {
            "NORMAL": 9,
            "POSITION": 8,
            "TEXCOORD_0": 10
          },
          "indices": 11,
          "material": 2,
          "mode": 4
        }
      ]
    }
  ],
  "nodes": [
    {
      "children": [
        1
      ],
      "name": "RootNode (gltf orientation matrix)",
      "rotation": [
        -0.70710678118654746,
        -0,
        -0,
        0.70710678118654757
      ]
    },
    {
      "children": [
        2
      ],
      "name": "RootNode (model correction matrix)"
    },
    {
      "children": [
        3
      ],
      "matrix": [
        1,
        0,
        0,
        0,
        0,
        0,
        1,
        0,
        0,
        -1,
        0,
        0,
        0,
        0,
        0,
        1
      ],
      "name": "51249c10311f428fb67489150031cd48.fbx"
    },
    {
      "children": [
        4,
        6,
        11,
        17
      ],
      "name": "RootNode"
    },
    {
      "children": [
        5
      ],
      "matrix": [
        -0.6455413565177881,
        0.087621031114518258,
        -0.75868235245826232,
        0,
        0.056781387249661239,
        0.99615388113806425,
        0.066733193806196522,
        0,
        0.76161160120311877,
        -2.0816681711721685e-17,
        -0.64803377142925345,
        0,
        58.443023681640625,
        4.3222503662109375,
        66.071571350097656,
        1
      ],
      "name": "Camera"
    },
    {
      "name": ""
    },
    {
      "children": [
        7
      ],
      "name": "pudelko2"
    },
    {
      "children": [
        8,
        9,
        10
      ],
      "matrix": [
        2.8397285791235301e-16,
        -0.14210000634193407,
        -6.2113888209567962e-09,
        0,
        -6.2113887894042564e-09,
        -6.2113888051805263e-09,
        0.14210000634193393,
        0,
        -0.14210000634193407,
        -7.8881349420098059e-18,
        -6.2113888051805263e-09,
        0,
        -8.1539155871723779e-07,
        13.641604423522949,
        -2.7596414089202881,
        1
      ],
      "name": "Curves (3)"
    },
    {
      "mesh": 0,
      "name": "Curves (3)_OPAKOWANIE_0"
    },
    {
      "mesh": 1,
      "name": "Curves (3)_druk_0"
    },
    {
      "mesh": 2,
      "name": "Curves (3)_srodek_0"
    },
    {
      "children": [
        12,
        14
      ],
      "name": "Opakowanie Jolly baby"
    },
    {
      "children": [
        13
      ],
      "matrix": [
        -0.39689663028119138,
        0.092600686286878009,
        -0.91318025480768861,
        0,
        0.036911497027989675,
        0.99570332574477183,
        0.084926017732809694,
        0,
        0.91712082424214336,
        2.0816681711721685e-17,
        -0.39860932470454347,
        0,
        20.443683624267578,
        2.844398021697998,
        40.958908081054688,
        1
      ],
      "name": "Camera (2)"
    },
    {
      "name": ""
    },
    {
      "children": [
        15
      ],
      "matrix": [
        0.70710676573223741,
        1.6653345369377348e-16,
        0.7071067966408574,
        0,
        -0.61237244392818235,
        0.50000001261839178,
        0.61237241716053248,
        0,
        -0.35355340724297923,
        -0.86602539649920662,
        0.35355339178866896,
        0,
        -197,
        208.34999084472656,
        201.50001525878906,
        1
      ],
      "name": "Directional Light (2)"
    },
    {
      "children": [
        16
      ],
      "matrix": [
        1,
        0,
        0,
        0,
        0,
        2.2204460492503131e-16,
        1,
        0,
        0,
        -1,
        2.2204460492503131e-16,
        0,
        0,
        0,
        0,
        1
      ],
      "name": ""
    },
    {
      "name": ""
    },
    {
      "children": [
        18
      ],
      "matrix": [
        0.70710676573223741,
        1.6653345369377348e-16,
        0.7071067966408574,
        0,
        -0.61237244392818235,
        0.50000001261839178,
        0.61237241716053248,
        0,
        -0.35355340724297923,
        -0.86602539649920662,
        0.35355339178866896,
        0,
        -200,
        200,
        200,
        1
      ],
      "name": "Directional Light"
    },
    {
      "children": [
        19
      ],
      "matrix": [
        1,
        0,
        0,
        0,
        0,
        2.2204460492503131e-16,
        1,
        0,
        0,
        -1,
        2.2204460492503131e-16,
        0,
        0,
        0,
        0,
        1
      ],
      "name": ""
    },
    {
      "name": ""
    }
  ],
  "samplers": [
    {
      "magFilter": 9729,
      "minFilter": 9987,
      "wrapS": 10497,
      "wrapT": 10497
    }
  ],
  "scene": 0,
  "scenes": [
    {
      "name": "OSG_Scene",
      "nodes": [
        0
      ]
    }
  ],
  "textures": [
    {
      "sampler": 0,
      "source": 0
    }
  ]
}

